2043:
716091
1990901
1481271
2098867
1945809
740327
1109700
2543544
1276913
887273
1880037
779760
1242432
829326
1275329
2508228
2502462
139297
862759
2007993
1408393
1379923
2271228
1056998
2503691
1296163
727449
1277134
2031561
1373383
1401310
1907667
2230271
2241806
1488844
2639583
1213299
1379632
1048199
1080030
800053
335395
2258927
114393
2439005
1037308
2380973
1464366
617164
14690
2285616
247794
180151
1614320
70976
2486685
1217256
105942
86879
1066907
2356622
67976
568620
497196
349958
1017702
2480874
2382710
2325737
11197
1961542
944189
1684516
1169433
984992
433803
2586623
247687
574843
1646405
1093403
603277
1998117
2535052
1413031
1199658
2384779
1185149
1648646
2537039
520465
2625420
2648502
2376730
1136984
92056
1198226
2644847
2482518
218097
908205
46036
561754
255357
105087
767240
859350
652121
11456
1579371
2253124
1739513
2472537
997772
1515871
755344
1760995
1176559
1574266
2325743
2271686
931005
2424721
987034
1099041
1341444
1650301
611315
1032463
2234668
1230594
2259898
424286
1216387
2260788
155818
83540
1951144
1770196
1409469
1327944
2610157
37188
1049643
438035
291645
1686685
818736
2212890
2162424
353820
2312045
1375971
2524741
756559
835548
1844586
387189
407542
2619959
1393360
2007217
1446018
1310250
443034
1903518
1363756
2071267
2500070
2012897
2536720
1977959
2004175
2142915
2439795
2206777
172720
2511879
188991
318920
1782657
543865
2331306
1424200
47411
1946227
259348
1454357
2220846
2604070
1771589
958382
1387049
360830
1984086
1222878
2645579
1861478
914059
294948
926857
2568401
548966
2605003
547570
1207816
1786694
1628475
621640
873230
489962
512899
2297863
790505
1417435
2091892
1144568
834933
1059144
1929109
327179
756316
1900854
17184
287825
1852551
1771516
683427
789846
511234
1989892
2309534
786415
1703680
1227576
867192
1752638
518123
609262
1243789
83720
1020583
2168178
1218030
1730592
392146
38244
1258602
217838
2294267
340091
317108
2145399
2413088
2552504
2043617
276860
1498586
396567
1982465
1249686
333277
1712438
1120485
2617841
693771
113549
1177218
2497163
2376370
2097995
1523159
1517471
774717
2541025
1315056
2417642
499718
1366714
1629710
2312054
1125890
2416619
1954341
2114851
656460
78014
1030566
2162641
1510198
447407
2201074
180899
1874317
1079295
248039
6065
2268573
262633
800136
1216429
329712
899412
262411
999913
2290519
1492487
606271
1336860
1911520
303948
2268800
2397231
1173459
734508
1454796
1063838
2354047
2228796
1257103
2244849
1224299
61274
2030523
584078
129367
281851
41371
185564
107840
2294883
1830601
2086264
1599243
462685
247760
1938964
639194
287439
937847
1035650
695934
2351221
2575943
1888537
746948
2151107
1705674
196090
798841
1812802
1033815
1808930
1645535
1206843
245808
2036757
1061147
1867081
1597207
2320969
1176077
792568
1530995
874253
1147900
1320185
1253718
2132276
1559187
2554745
629544
1922155
1938019
1399335
1675063
1673185
945258
901467
1451183
2602249
158590
1229372
617134
1227322
709091
190237
1990523
2612889
1400206
466322
2491620
2337212
1048939
1026298
2487958
1794933
2465894
245884
279960
2502315
1528628
2040209
1799495
554529
1206353
1558304
1177165
2173758
2240135
2247388
2180261
2083166
1505884
1428041
1118884
817545
290215
1608683
2594574
2186436
1236924
740041
127579
337860
1220170
1358681
148550
747755
1027819
1632290
1107022
820785
2203244
1077945
1232404
1127019
2371550
1805888
2280950
1187949
722833
1963985
2507537
2600674
110384
515686
2132124
983246
2412030
2159447
1443679
909663
375726
2503676
1705463
793582
1135038
1823259
1582412
929308
471414
2559157
1633178
2468881
1541724
2404678
546546
1289990
901694
2107564
2461508
1037424
631636
1989144
1244810
2073205
1112212
328509
1197233
2562153
1944516
2630072
500526
883797
1413219
2444932
595047
588953
917939
219232
692694
1130826
1080872
527777
1735228
960023
1916224
816549
700148
876200
2301393
2208806
2481561
347583
1602952
357507
1408449
2133136
309333
1036139
1894675
1225682
1765712
665803
482302
1322839
1998211
1179117
700548
2114263
1447907
1886247
1928445
2638753
2067044
1366296
815277
35206
25533
935238
1895592
408536
2362548
1373500
475540
66109
1239815
2102030
1023229
1857952
2046765
484675
1969230
1103813
919479
162134
1638678
588007
57389
1763788
129482
257118
1559165
1916244
1154287
1466762
2072798
1782465
1684494
60303
2528057
525356
1611803
83150
738080
425045
1744913
2109681
2639089
1733406
2121810
2387961
328364
974864
379986
1464746
2566515
1589575
2204068
193416
1292217
1629273
1937486
582092
2386920
2596679
612504
1030409
2096587
1288210
807603
1009622
1533452
1424487
680226
2470194
2065501
692268
2331635
769789
2145575
401047
2036360
680328
2575145
1691792
173433
1684624
1265763
31835
2059967
1318270
1637761
824828
211976
473462
1446294
1426178
2624195
2523055
2616306
701179
1716910
1319449
1822241
1929949
1890104
2434675
273945
1509395
424851
2127755
2300862
1396693
1520095
2528088
1301701
995437
1416836
1784017
2501391
1784150
2104131
2449881
1199523
1741099
1952492
1294445
942668
288956
372791
1892529
875956
1149582
2426984
1133051
297901
1503647
923889
1851951
1814136
380854
1714902
2539763
2216056
1228534
2589619
415244
2495738
1176800
819314
1309838
319258
40448
2604811
1266882
1344143
2045827
214589
212332
921499
1459686
790309
2085613
1138359
2254664
261348
2266166
973538
1199479
1573507
648932
1937750
1235769
2520513
2528078
41153
505375
1187171
299165
1226270
544147
856801
1753942
2223508
1002117
1731826
1474282
2631038
555886
304910
1696308
2474555
1000678
2316419
2177092
2635059
156078
926579
2079367
2367755
1023101
1608757
1107636
1725155
901520
1615319
1231207
2608903
787736
1588754
53243
2220537
1731106
2515643
459772
226326
829721
688590
1980203
319369
2012180
556776
2530252
2302115
1213676
591768
818816
431625
1366847
861482
1950507
644464
333828
1251127
1195319
1723368
1719457
1104894
274365
23421
722006
1456621
1064167
1423310
2561536
2401585
1511683
2084891
2014569
2203651
1973594
478827
2274861
2560168
515850
1423956
2534284
1338247
249288
238525
1810074
314759
169063
1221477
481700
1260001
2465236
1859573
993921
803911
583554
2373995
1791599
386510
962384
2389729
447930
1181037
100582
1220431
420191
2393719
1903911
2496628
955706
718043
2239241
1328031
2282032
2185187
1801389
229617
1322717
2289273
2504343
1954639
2561713
503235
753836
2535126
2223740
565589
1422682
1508625
376204
675306
868313
940583
1449107
1790092
1642319
951446
1583564
2466146
2604976
2535470
2178153
1904729
785031
1816718
208113
2086851
818025
2180318
2595753
2425195
1977612
312145
1957216
1335336
2424839
2471811
1103969
1687759
1746056
313046
411396
2238612
2029320
1242367
2516788
657543
1597177
1318168
1927580
915532
467230
2331813
843570
157051
2020368
716874
2023518
735635
2152838
1491667
1932348
682319
89800
2047145
2353991
2587528
1687191
2196366
1561406
1388266
654341
2162539
1750396
860839
2621846
2430251
697240
1600039
1455810
874817
2640203
103619
874829
892229
188678
2602396
779144
2237950
941600
419599
2317868
2034428
2619515
1461994
691878
595279
737728
2003798
1640539
962868
316931
2201323
932954
202667
1012904
2250843
2334536
1474319
1651253
217609
2253160
186506
1969676
1814098
1937376
1000192
917647
707166
458252
2508652
929277
199769
1389451
1249577
1728377
2251582
1991601
22663
2470582
981936
2195747
1990316
2301418
2030513
395747
617093
1663569
1158291
1862901
349572
1352226
2046079
1091721
737489
2547553
830971
556045
1897862
1062351
432983
2319621
123707
2602207
2550423
1266793
434567
2121285
1623333
1621374
1099072
2435667
602147
1535873
969643
1134816
727242
257622
659592
2569992
2608805
49585
1425875
1897659
642596
710801
1208894
565083
521825
2114069
2229364
1961619
180653
1536492
1097275
187896
876697
557723
2248489
994838
879594
2453729
1037347
428168
2438241
1013177
248393
2534796
1270565
519760
724224
512117
2363481
883478
1421858
1485198
2649166
1884467
1098790
802786
1921715
2402629
269689
1796072
1709921
2330565
867275
2413767
496887
40563
474700
2294328
1225475
2001615
2386598
1662714
478176
1629169
1596471
241772
1408938
1315654
2415920
2096888
1894853
339560
56371
960135
787352
2525605
1908873
1961837
1320959
2266068
1408237
1838912
2484674
1932270
223803
1056435
415663
2141223
627333
2100210
1427380
2535601
1744054
1936935
1228535
91990
1674237
315644
2324019
150461
1203445
1217301
1095726
469884
1600209
1371422
732493
1480151
2049054
1096396
248239
1272379
586694
1822473
1750544
2301000
371923
2636960
803128
969753
563019
1387830
1244918
1347991
830370
1539730
1918957
2221050
257382
88959
2237178
2118994
1918316
491766
2239625
911164
2228457
1435555
972193
285387
1462488
2636168
240121
1984187
190474
199257
498648
1396046
2617913
752197
862158
2056943
1944765
2528558
1331551
741285
43608
2084326
1145956
1965893
577103
1712904
2111120
1678969
1993625
1637405
831103
284143
1042614
1992337
299464
886674
2582367
2035299
1667665
519965
20392
1435361
921528
796494
294330
1308778
639610
2329026
104899
2128598
1946241
1761809
1524855
1549284
259497
977533
1991674
636381
1979650
1194542
2015481
509231
1240971
543279
466192
2307509
795530
1963094
835847
1792741
2583140
356793
110288
2179777
1575462
2437901
982205
415672
174365
1314869
1632435
1219818
968410
206954
2294196
1749925
858814
1939822
1333196
2522548
2509336
1938313
832959
2079932
536930
1370323
272946
98321
2349412
2406356
27517
2414164
1574341
2181770
2066735
2100574
27929
2157973
848872
2299121
511539
723276
1761229
1893955
1585794
2624474
1166446
1710237
2004274
864172
2107905
543648
1317589
1524354
1703879
1852037
1147935
1055117
122830
291396
2570720
628670
1829014
1342785
1037863
2244589
1255703
1097536
2878
458497
238085
1107448
2588107
1021301
288334
1928633
1340455
342103
1913696
711569
320854
2363803
779635
701615
484048
1687310
2558951
586861
623818
598790
1418477
2358564
2041372
1263404
1292808
2476215
636262
1742939
1240130
2386506
1363515
2389101
94869
1521420
720744
493587
2086623
851848
590984
26417
756979
1166625
651531
1649582
454519
747997
777750
1273296
2455086
703996
285845
601147
1568541
1513514
1596982
2547661
2237185
504211
102028
1295700
2414026
741851
1581812
798653
610997
2436472
892545
2628708
1081292
1727342
272854
1837559
1100863
1813431
386254
1317259
2617189
1172180
123097
1120627
974823
2388250
68078
1763197
2198170
2393039
755774
1689425
2274365
2254872
2115962
2591337
1793777
2319382
1961694
1882719
1703994
2061317
616470
1207218
1136626
1696241
329998
524672
2379200
2002671
1409728
2484944
2062350
329572
2619823
1927703
1000904
599880
335457
1210717
1984835
1738784
265012
46846
2349759
731133
2499437
1214382
1026162
2147047
700478
618234
333168
2490130
343712
2094693
1035352
1139570
946795
1992442
2089770
1029287
2550108
2543780
192889
442322
477209
345793
382234
2077168
254887
367344
187322
2187741
1004255
1741931
1391652
1819462
1003438
2593960
1155747
592132
1501707
2639043
611531
2566835
1241107
1678903
1101086
2439493
2081709
1191490
1065138
520520
2340189
2452476
530789
14728
2271496
2137112
2400443
1142880
892278
1955609
1964514
1356923
543515
1328381
1323426
640464
1943753
1054542
428059
878141
857880
848297
2495043
1330841
806277
753693
2608375
1215310
79799
674590
1240334
1068821
19117
2280493
441579
722394
1141213
2140883
1802253
1151461
1632184
2267431
2596598
2514236
357481
2089577
1386457
209988
1204833
192869
1395967
1377734
684917
97578
2583311
1310257
2213300
1914525
1113980
420266
2173206
1952860
1661485
2601604
1341301
710178
2128971
1669517
1672449
130604
596550
2062550
1813130
1810444
819240
2457153
2251259
1706530
1132596
582315
214520
1644216
2081030
68959
1684232
1288603
740226
1832023
2563274
485083
2159724
1303483
2033466
146462
2117562
1017698
787558
147386
1635850
802419
1688856
2548920
1563506
1015900
623083
1259082
593397
627503
620967
2151793
2532540
652654
2478643
425908
2551483
497052
676587
1805871
2058194
1987569
1800320
1087944
465118
2507646
2478282
964621
366863
1710493
1230047
214593
969879
1715054
1797825
2336531
2442531
2227850
1563340
537515
1500625
2390595
452919
2010768
755231
1100765
243029
82020
246980
474492
1529456
1846674
144961
1789430
406526
1545709
2280604
2404693
393425
221809
1826163
1890591
2098079
254777
421374
1712930
1022631
908401
2256454
2627394
1090765
645772
2083665
361375
2442283
2066458
1709435
2248454
238740
1806991
83366
1307703
1730957
2549238
1116080
1571232
1807224
955922
671440
1771220
1551945
135658
2543844
8135
174783
598243
814483
1195438
2402716
2161550
2611699
1163795
753555
2254919
124342
314938
832780
686986
2570628
1465186
1105577
51746
2398075
1206290
290700
2194044
1225643
1718022
1574503
808604
1003387
562542
2431353
831494
2347743
525168
1447766
1155234
214205
1570077
1018633
18631
57186
1643961
2080674
1772050
526961
284399
1595102
2023883
1172249
960007
1945838
2103176
1859405
1200256
817339
2138216
1905321
1939431
1959185
219174
1362041
823699
1946462
1613383
2048093
887893
69809
1291600
2532609
1954597
578311
2500866
2368915
998620
2333948
1928935
847616
1514886
2377457
2313765
1192459
2237514
196846
2135602
318457
819338
1047368
592734
963471
830937
1045223
925446
2405540
415641
300253
998448
642736
1139937
779653
531806
934497
1318745
760316
2100003
1860850
1537068
1498463
2628225
469045
2576843
1286183
29236
2436032
1213736
2388555
348661
2426116
1632784
760837
1534723
2509644
50123
1461647
306347
2084548
213863
123384
916743
2091461
2612172
1258099
633722
1286972
2165945
2169359
2043500
2636378
1692674
1215043
952095
1353855
2283630
263291
2155681
679771
165247
222518
2077527
306736
1386873
2399549
1928290
2430257
964175
74320
2120117
2237249
2599262
675883
1176119
974285
1392053
1300687
2488713
593770
2461498
382186
559741
1860956
803468
2383871
400169
2441692
993395
858574
1104997
417739
175858
1759021
1410893
411843
411809
288343
616375
2194553
1553204
302344
2523426
1724752
1307983
1751917
907760
1361441
576984
197025
1681922
1507017
1606148
2409590
18914
2154287
2448354
1299784
1832478
481049
194555
2593340
1120126
1838859
1607747
2603700
2537719
414293
191823
96987
2010144
814304
1144139
1456837
2427632
1771252
1401561
1325637
7116
460526
1340867
2577383
548695
2152932
550309
2264426
1835802
1405029
592445
2512828
530195
938294
731462
2588510
1029530
387157
1496361
2114283
2102295
361630
1244273
1283042
1524964
2023244
936928
1362091
1265920
113774
1930099
1010499
1123585
1723056
407115
1913023
1903582
697045
1234095
707434
42487
2018977
1717288
1101518
1275277
40731
544521
1755278
47589
2503103
1442105
946039
1313714
1385608
1966083
678212
1079964
2600762
183435
1777952
2581032
767590
2038701
2024417
283650
1999275
2033641
1756513
2491569
1225150
886227
2143797
1782189
48915
1710306
134617
847776
2584252
2117999
519744
202678
1898310
2035595
1313905
177103
641719
1110156
24095
1430658
297742
2319377
2296416
112913
959443
129749
1295803
280790
1967569
858204
1901318
1473595
824540
359110
1214424
575167
2542967
1623687
1004390
2212841
1723291
558323
2557141
150597
62060
1085514
1478933
1624471
229560
2365208
1799398
976637
1762837
1557007
1354545
1268349
1450558
506725
921783
1500388
1683746
2245859
846314
1056823
445227
2407208
2607782
1222147
2127716
163205
1908565
731057
1116129
937483
2132385
1742805
110308
896630
2062552
470999
526286
380673
592374
1160646
772891
44801
1167144
1304796
1574068
2343380